1 55.12345678 10.98765432
2 52.45678901 7.65432109
3 49.87654321 12.34567890
4 45.67890123 15.43210987
5 54.32109876 8.76543210
6 59.87654321 19.87654321
7 50.98765432 14.32109876
8 57.65432109 18.76543210
9 51.23456789 6.54321098
10 47.65432109 13.21098765
11 55.43210987 17.65432109
12 58.76543210 11.23456789
13 48.90123456 9.87654321
14 56.78901234 16.54321098
15 46.54321098 19.01234567
16 54.10987654 5.67890123
17 59.01234567 10.12345678
18 47.90123456 17.01234567
19 50.54321098 20.00000000
20 53.21098765 14.10987654