1 55.12345 10.98765 112.87
2 52.45678 7.65432 234.56
3 49.87654 12.34567 87.43
4 45.67890 15.43210 256.98
5 54.32109 8.76543 143.21
6 59.87654 19.87654 189.87
7 50.98765 14.32109 76.54
8 57.65432 18.76543 267.89
9 51.23456 6.54321 192.34
10 47.65432 13.21098 54.32
11 55.43210 17.65432 298.76
12 58.76543 11.23456 154.32
13 48.90123 9.87654 223.45
14 56.78901 16.54321 111.11
15 46.54321 19.01234 287.65
16 54.10987 5.67890 145.67
17 59.01234 10.12345 199.99
18 47.90123 17.01234 45.67
19 50.54321 20.00000 278.90
20 53.21098 14.10987 87.65