Date of creation of the report with coordinates: 2023-04-29 
-------------------------------------------------------
Point_number    B [°]         L [°]            H [m]       
-------------------------------------------------------
    1         55.12345        10.98765         112.870    
    2         52.45678         7.65432         234.560    
    3         49.87654        12.34567         87.430     
    4         45.67890        15.43210         256.980    
    5         54.32109         8.76543         143.210    
    6         59.87654        19.87654         189.870    
    7         50.98765        14.32109         76.540     
    8         57.65432        18.76543         267.890    
    9         51.23456         6.54321         192.340    
    10        47.65432        13.21098         54.320     
    11        55.43210        17.65432         298.760    
    12        58.76543        11.23456         154.320    
    13        48.90123         9.87654         223.450    
    14        56.78901        16.54321         111.110    
    15        46.54321        19.01234         287.649    
    16        54.10987         5.67890         145.670    
    17        59.01234        10.12345         199.990    
    18        47.90123        17.01234         45.670     
    19        50.54321        20.00000         278.900    
    20        53.21098        14.10987         87.650     
-------------------------------------------------------