1 3588382.360 696708.212 5209346.664 3588301.222 696607.908 5209478.416
2 3860222.175 518788.966 5034121.370 3860207.527 518899.237 5033962.965
3 4023193.575 880557.950 4854017.681 4023158.879 880424.207 4854154.969
4 4303156.405 1187880.908 4540567.449 4303261.986 1187982.966 4540427.690
5 3684780.762 568157.881 5157786.407 3684665.152 568289.057 5157646.384
6 3017929.850 1091077.930 5493751.117 3017819.088 1091205.312 5493617.992
7 3898126.191 995148.138 4932739.345 3898031.337 994985.869 4932871.497
8 3238957.460 1100450.769 5365463.803 3238933.265 1100558.819 5365282.291
9 3975770.799 456019.403 4950075.101 3975874.258 456142.405 4949934.354
10 4190328.329 983679.874 4691112.364 4190211.119 983571.703 4691251.184
11 3456423.654 1100049.909 5229072.361 3456328.663 1099911.745 5229209.654
12 3252008.815 645953.800 5430564.670 3251951.428 646081.397 5430409.285
13 4138607.074 720556.500 4783513.780 4138721.715 720424.942 4783650.044
14 3356778.652 997077.413 5313160.285 3356899.775 996944.157 5313026.492
15 4155137.175 1431729.549 4607194.253 4155216.839 1431618.235 4607326.012
16 3729008.015 370817.590 5144040.494 3728952.939 370938.295 5143896.928
17 3240764.357 578636.618 5444815.504 3240638.594 578770.667 5444685.328
18 4096447.374 1253374.444 4709554.678 4096381.337 1253245.452 4709695.441
19 3816628.072 1389139.014 4901623.903 3816724.446 1389019.539 4901762.281
20 3712465.350 933186.745 5084709.514 3712589.786 933052.303 5084709.514